{
 "cells": [
  {
   "cell_type": "markdown",
   "metadata": {},
   "source": [
    "# thinking1"
   ]
  },
  {
   "cell_type": "raw",
   "metadata": {},
   "source": [
    "Dijkstra算法:\n",
    "指定起点s,引进两个集合S和U。\n",
    "Step1，S中只有起点s，从U中找出路径最短的顶点，将其加入到S中;\n",
    "Step2，更新U中的顶点和顶点对应的路径;\n",
    "重复Step1和Step2 直到遍历完所有顶点.\n",
    "重复Step1，即更新S：从U中找出路径最短的顶点，加入到S中；\n",
    "重复Step2，即更新U中的顶点和顶点对应的路径.\n"
   ]
  },
  {
   "cell_type": "markdown",
   "metadata": {},
   "source": [
    "# thinking2"
   ]
  },
  {
   "cell_type": "raw",
   "metadata": {},
   "source": [
    "社区是按物理属性进行分类的，与12个联盟概念上有差异。"
   ]
  },
  {
   "cell_type": "markdown",
   "metadata": {},
   "source": [
    "# thinking3"
   ]
  },
  {
   "cell_type": "raw",
   "metadata": {},
   "source": [
    "考虑到粉丝与博主的亲密度，互动情况，亲密度高的权重上升，看到博主内容的机会大；\n",
    "内容质量越高，被推送的可能性增加；\n",
    "看是否原创，原创的被推送可能性增加。"
   ]
  },
  {
   "cell_type": "markdown",
   "metadata": {},
   "source": [
    "# action1"
   ]
  },
  {
   "cell_type": "code",
   "execution_count": 9,
   "metadata": {},
   "outputs": [],
   "source": [
    "import numpy as np\n",
    "a = np.array(\n",
    "[\n",
    "    [0,0,0,1/3,0,0],\n",
    "    [1/3,0,0,0,1/2,0],\n",
    "    [0,1,0,1/3,1/2,0],\n",
    "    [1/3,0,0,0,0,1],\n",
    "    [0,0,1,1/3,0,0],\n",
    "    [1/3,0,0,0,0,0]\n",
    "])\n",
    "b = np.array([1/6,1/6,1/6,1/6,1/6,1/6])\n",
    "w = b\n",
    "def work(a,w):\n",
    "    for i in range(100):\n",
    "        w = np.dot(a,w)\n",
    "        print(w)\n",
    "def random_work(a,w,n):\n",
    "    d = 0.85\n",
    "    for i in range(100):\n",
    "        w = (1-d)/n+d*np.dot(a,w)\n",
    "        print(w)"
   ]
  },
  {
   "cell_type": "code",
   "execution_count": 10,
   "metadata": {},
   "outputs": [
    {
     "name": "stdout",
     "output_type": "stream",
     "text": [
      "[0.05555556 0.13888889 0.30555556 0.22222222 0.22222222 0.05555556]\n",
      "[0.07407407 0.12962963 0.32407407 0.07407407 0.37962963 0.01851852]\n",
      "[0.02469136 0.21450617 0.3441358  0.04320988 0.34876543 0.02469136]\n",
      "[0.01440329 0.18261317 0.40329218 0.03292181 0.35853909 0.00823045]\n",
      "[0.01097394 0.18407064 0.37285665 0.01303155 0.41426612 0.0048011 ]\n",
      "[0.00434385 0.21079104 0.39554755 0.00845908 0.3772005  0.00365798]\n",
      "[0.00281969 0.1900482  0.40221098 0.00510593 0.39836725 0.00144795]\n",
      "[0.00170198 0.20012352 0.3909338  0.00238785 0.40391296 0.0009399 ]\n",
      "[0.00079595 0.2025238  0.40287595 0.00150722 0.39172975 0.00056733]\n",
      "[5.02407605e-04 1.96130191e-01 3.98891087e-01 8.32641817e-04\n",
      " 4.03378356e-01 2.65316376e-04]\n",
      "[2.77547272e-04 2.01856647e-01 3.98096917e-01 4.32785577e-04\n",
      " 3.99168634e-01 1.67469202e-04]\n",
      "[1.44261859e-04 1.99676833e-01 4.01585226e-01 2.59984959e-04\n",
      " 3.98241178e-01 9.25157575e-05]\n",
      "[8.66616530e-05 1.99168676e-01 3.98884084e-01 1.40603044e-04\n",
      " 4.01671888e-01 4.80872864e-05]\n",
      "[4.68676813e-05 2.00864831e-01 4.00051488e-01 7.69745041e-05\n",
      " 3.98930951e-01 2.88872177e-05]\n",
      "[2.56581680e-05 1.99481098e-01 4.00355965e-01 4.45097781e-05\n",
      " 4.00077146e-01 1.56225604e-05]\n",
      "[1.48365927e-05 2.00047126e-01 3.99534508e-01 2.41752831e-05\n",
      " 4.00370802e-01 8.55272267e-06]\n",
      "[8.05842770e-06 2.00190346e-01 4.00240585e-01 1.34982536e-05\n",
      " 3.99542566e-01 4.94553090e-06]\n",
      "[4.49941786e-06 1.99773969e-01 3.99966129e-01 7.63167347e-06\n",
      " 4.00245084e-01 2.68614257e-06]\n",
      "[2.54389116e-06 2.00124042e-01 3.99899055e-01 4.18594852e-06\n",
      " 3.99968673e-01 1.49980595e-06]\n",
      "[1.39531617e-06 1.99985184e-01 4.00109774e-01 2.34776967e-06\n",
      " 3.99900451e-01 8.47963719e-07]\n",
      "[7.82589890e-07 1.99950691e-01 3.99936192e-01 1.31306911e-06\n",
      " 4.00110556e-01 4.65105391e-07]\n",
      "[4.37689703e-07 2.00055539e-01 4.00006406e-01 7.25968688e-07\n",
      " 3.99936630e-01 2.60863297e-07]\n",
      "[2.41989563e-07 1.99968461e-01 4.00024096e-01 4.06759865e-07\n",
      " 4.00006648e-01 1.45896568e-07]\n",
      "[1.35586622e-07 2.00003405e-01 3.99971921e-01 2.26559755e-07\n",
      " 4.00024232e-01 8.06631875e-08]\n",
      "[7.55199184e-08 2.00012161e-01 4.00015596e-01 1.25858728e-07\n",
      " 3.99971996e-01 4.51955405e-08]\n",
      "[4.19529093e-08 1.99986023e-01 3.99998201e-01 7.03688466e-08\n",
      " 4.00015638e-01 2.51733061e-08]\n",
      "[2.34562822e-08 2.00007833e-01 3.99993866e-01 3.91576093e-08\n",
      " 3.99998225e-01 1.39843031e-08]\n",
      "[1.30525364e-08 1.99999120e-01 4.00006958e-01 2.18030639e-08\n",
      " 3.99993879e-01 7.81876074e-09]\n",
      "[7.26768795e-09 1.99996944e-01 3.99996067e-01 1.21696062e-08\n",
      " 4.00006966e-01 4.35084547e-09]\n",
      "[4.05653540e-09 2.00003485e-01 4.00000431e-01 6.77340812e-09\n",
      " 3.99996071e-01 2.42256265e-09]\n",
      "[2.25780271e-09 1.99998037e-01 4.00001523e-01 3.77474112e-09\n",
      " 4.00000433e-01 1.35217847e-09]\n",
      "[1.25824704e-09 2.00000217e-01 3.99998254e-01 2.10477937e-09\n",
      " 4.00001524e-01 7.52600903e-10]\n",
      "[7.01593124e-10 2.00000763e-01 4.00000980e-01 1.17201658e-09\n",
      " 3.99998255e-01 4.19415680e-10]\n",
      "[3.90672194e-10 1.99999128e-01 3.99999890e-01 6.53280054e-10\n",
      " 4.00000980e-01 2.33864375e-10]\n",
      "[2.17760018e-10 2.00000490e-01 3.99999618e-01 3.64088439e-10\n",
      " 3.99999891e-01 1.30224065e-10]\n",
      "[1.21362813e-10 1.99999945e-01 4.00000436e-01 2.02810737e-10\n",
      " 3.99999618e-01 7.25866727e-11]\n",
      "[6.76035791e-11 1.99999809e-01 3.99999755e-01 1.13040944e-10\n",
      " 4.00000436e-01 4.04542710e-11]\n",
      "[3.76803146e-11 2.00000218e-01 4.00000027e-01 6.29887974e-11\n",
      " 3.99999755e-01 2.25345264e-11]\n",
      "[2.09962658e-11 1.99999877e-01 4.00000095e-01 3.50946312e-11\n",
      " 4.00000027e-01 1.25601049e-11]\n",
      "[1.16982104e-11 2.00000014e-01 3.99999891e-01 1.95588601e-11\n",
      " 4.00000095e-01 6.99875527e-12]\n",
      "[6.51962004e-12 2.00000048e-01 4.00000061e-01 1.08981587e-11\n",
      " 3.99999891e-01 3.89940347e-12]\n",
      "[3.63271958e-12 1.99999946e-01 3.99999993e-01 6.07261015e-12\n",
      " 4.00000061e-01 2.17320668e-12]\n",
      "[2.02420338e-12 2.00000031e-01 3.99999976e-01 3.38411321e-12\n",
      " 3.99999993e-01 1.21090653e-12]\n",
      "[1.12803774e-12 1.99999997e-01 4.00000027e-01 1.88564099e-12\n",
      " 3.99999976e-01 6.74734461e-13]\n",
      "[6.28546996e-13 1.99999988e-01 3.99999985e-01 1.05074704e-12\n",
      " 4.00000027e-01 3.76012579e-13]\n",
      "[3.50249013e-13 2.00000014e-01 4.00000002e-01 5.85528244e-13\n",
      " 3.99999985e-01 2.09515665e-13]\n",
      "[1.95176081e-13 1.99999992e-01 4.00000006e-01 3.26265336e-13\n",
      " 4.00000002e-01 1.16749671e-13]\n",
      "[1.08755112e-13 2.00000001e-01 3.99999993e-01 1.81808365e-13\n",
      " 4.00000006e-01 6.50586938e-14]\n",
      "[6.06027883e-14 2.00000003e-01 4.00000004e-01 1.01310398e-13\n",
      " 3.99999993e-01 3.62517040e-14]\n",
      "[3.37701326e-14 1.99999997e-01 4.00000000e-01 5.64526335e-14\n",
      " 4.00000004e-01 2.02009294e-14]\n",
      "[1.88175445e-14 2.00000002e-01 3.99999999e-01 3.14576403e-14\n",
      " 4.00000000e-01 1.12567109e-14]\n",
      "[1.04858801e-14 2.00000000e-01 4.00000002e-01 1.75292257e-14\n",
      " 3.99999999e-01 6.27251483e-15]\n",
      "[5.84307523e-15 1.99999999e-01 3.99999999e-01 9.76780820e-15\n",
      " 4.00000002e-01 3.49529337e-15]\n",
      "[3.25593607e-15 2.00000001e-01 4.00000000e-01 5.44298511e-15\n",
      " 3.99999999e-01 1.94769174e-15]\n",
      "[1.81432837e-15 2.00000000e-01 4.00000000e-01 3.03300377e-15\n",
      " 4.00000000e-01 1.08531202e-15]\n",
      "[1.01100126e-15 2.00000000e-01 4.00000000e-01 1.69008815e-15\n",
      " 4.00000000e-01 6.04776123e-16]\n",
      "[5.63362715e-16 2.00000000e-01 4.00000000e-01 9.41776542e-16\n",
      " 4.00000000e-01 3.37000418e-16]\n",
      "[3.13925514e-16 2.00000000e-01 4.00000000e-01 5.24787990e-16\n",
      " 4.00000000e-01 1.87787572e-16]\n",
      "[1.74929330e-16 2.00000000e-01 4.00000000e-01 2.92429410e-16\n",
      " 4.00000000e-01 1.04641838e-16]\n",
      "[9.74764699e-17 2.00000000e-01 4.00000000e-01 1.62951615e-16\n",
      " 4.00000000e-01 5.83097767e-17]\n",
      "[5.43172049e-17 2.00000000e-01 4.00000000e-01 9.08019333e-17\n",
      " 4.00000000e-01 3.24921566e-17]\n",
      "[3.02673111e-17 2.00000000e-01 4.00000000e-01 5.05978916e-17\n",
      " 4.00000000e-01 1.81057350e-17]\n",
      "[1.68659639e-17 2.00000000e-01 4.00000000e-01 2.81948387e-17\n",
      " 4.00000000e-01 1.00891037e-17]\n",
      "[9.39827955e-18 2.00000000e-01 4.00000000e-01 1.57110917e-17\n",
      " 4.00000000e-01 5.62198795e-18]\n",
      "[5.23703055e-18 2.00000000e-01 4.00000000e-01 8.75474781e-18\n",
      " 4.00000000e-01 3.13275985e-18]\n",
      "[2.91824927e-18 2.00000000e-01 4.00000000e-01 4.87843670e-18\n",
      " 4.00000000e-01 1.74567685e-18]\n",
      "[1.62614557e-18 2.00000000e-01 4.00000000e-01 2.71842661e-18\n",
      " 4.00000000e-01 9.72749756e-19]\n",
      "[9.06142202e-19 2.00000000e-01 4.00000000e-01 1.51479828e-18\n",
      " 4.00000000e-01 5.42048522e-19]\n",
      "[5.04932760e-19 2.00000000e-01 4.00000000e-01 8.44095923e-19\n",
      " 4.00000000e-01 3.02047401e-19]\n",
      "[2.81365308e-19 2.00000000e-01 4.00000000e-01 4.70358321e-19\n",
      " 4.00000000e-01 1.68310920e-19]\n",
      "[1.56786107e-19 2.00000000e-01 4.00000000e-01 2.62099356e-19\n",
      " 4.00000000e-01 9.37884359e-20]\n",
      "[8.73664519e-20 2.00000000e-01 4.00000000e-01 1.46050472e-19\n",
      " 4.00000000e-01 5.22620356e-20]\n",
      "[4.86834905e-20 2.00000000e-01 4.00000000e-01 8.13841863e-20\n",
      " 4.00000000e-01 2.91221506e-20]\n",
      "[2.71280621e-20 2.00000000e-01 4.00000000e-01 4.53499808e-20\n",
      " 4.00000000e-01 1.62278302e-20]\n",
      "[1.51166603e-20 2.00000000e-01 4.00000000e-01 2.52705175e-20\n",
      " 4.00000000e-01 9.04268736e-21]\n",
      "[8.42350584e-21 2.00000000e-01 4.00000000e-01 1.40815741e-20\n",
      " 4.00000000e-01 5.03888676e-21]\n",
      "[4.69385804e-21 2.00000000e-01 4.00000000e-01 7.84672204e-21\n",
      " 4.00000000e-01 2.80783528e-21]\n",
      "[2.61557401e-21 2.00000000e-01 4.00000000e-01 4.37245463e-21\n",
      " 4.00000000e-01 1.56461935e-21]\n",
      "[1.45748488e-21 2.00000000e-01 4.00000000e-01 2.43647735e-21\n",
      " 4.00000000e-01 8.71858004e-22]\n",
      "[8.12159117e-22 2.00000000e-01 4.00000000e-01 1.35768630e-21\n",
      " 4.00000000e-01 4.85828292e-22]\n",
      "[4.52562099e-22 2.00000000e-01 4.00000000e-01 7.56547998e-22\n",
      " 4.00000000e-01 2.70719706e-22]\n",
      "[2.52182666e-22 2.00000000e-01 4.00000000e-01 4.21573739e-22\n",
      " 4.00000000e-01 1.50854033e-22]\n",
      "[1.40524580e-22 2.00000000e-01 4.00000000e-01 2.34914922e-22\n",
      " 4.00000000e-01 8.40608886e-23]\n",
      "[7.83049739e-23 2.00000000e-01 4.00000000e-01 1.30902415e-22\n",
      " 4.00000000e-01 4.68415265e-23]\n",
      "[4.36341384e-23 2.00000000e-01 4.00000000e-01 7.29431845e-23\n",
      " 4.00000000e-01 2.61016580e-23]\n",
      "[2.43143948e-23 2.00000000e-01 4.00000000e-01 4.06463707e-23\n",
      " 4.00000000e-01 1.45447128e-23]\n",
      "[1.35487902e-23 2.00000000e-01 4.00000000e-01 2.26495111e-23\n",
      " 4.00000000e-01 8.10479827e-24]\n",
      "[7.54983702e-24 2.00000000e-01 4.00000000e-01 1.26210617e-23\n",
      " 4.00000000e-01 4.51626342e-24]\n",
      "[4.20702056e-24 2.00000000e-01 4.00000000e-01 7.03287576e-24\n",
      " 4.00000000e-01 2.51661234e-24]\n",
      "[2.34429192e-24 2.00000000e-01 4.00000000e-01 3.91895253e-24\n",
      " 4.00000000e-01 1.40234019e-24]\n",
      "[1.30631751e-24 2.00000000e-01 4.00000000e-01 2.18377083e-24\n",
      " 4.00000000e-01 7.81430640e-25]\n",
      "[7.27923609e-25 2.00000000e-01 4.00000000e-01 1.21686981e-24\n",
      " 4.00000000e-01 4.35439170e-25]\n",
      "[4.05623270e-25 2.00000000e-01 4.00000000e-01 6.78080373e-25\n",
      " 4.00000000e-01 2.42641203e-25]\n",
      "[2.26026791e-25 2.00000000e-01 4.00000000e-01 3.77848960e-25\n",
      " 4.00000000e-01 1.35207757e-25]\n",
      "[1.25949653e-25 2.00000000e-01 4.00000000e-01 2.10550020e-25\n",
      " 4.00000000e-01 7.53422637e-26]\n",
      "[7.01833401e-26 2.00000000e-01 4.00000000e-01 1.17325481e-25\n",
      " 4.00000000e-01 4.19832177e-26]\n",
      "[3.91084938e-26 2.00000000e-01 4.00000000e-01 6.53776644e-26\n",
      " 4.00000000e-01 2.33944467e-26]\n",
      "[2.17925548e-26 2.00000000e-01 4.00000000e-01 3.64306113e-26\n",
      " 4.00000000e-01 1.30361646e-26]\n",
      "[1.21435371e-26 2.00000000e-01 4.00000000e-01 2.03003495e-26\n",
      " 4.00000000e-01 7.26418494e-27]\n",
      "[6.76678318e-27 2.00000000e-01 4.00000000e-01 1.13120306e-26\n",
      " 4.00000000e-01 4.04784570e-27]\n"
     ]
    }
   ],
   "source": [
    "work(a,w)"
   ]
  },
  {
   "cell_type": "code",
   "execution_count": 12,
   "metadata": {
    "collapsed": true
   },
   "outputs": [
    {
     "name": "stdout",
     "output_type": "stream",
     "text": [
      "[0.08472222 0.15555556 0.29722222 0.22638889 0.22638889 0.08472222]\n",
      "[0.10164352 0.15771991 0.33008102 0.13351852 0.35428241 0.06150463]\n",
      "[0.07533025 0.21686902 0.35996219 0.11857793 0.35589911 0.066299  ]\n",
      "[0.07109708 0.21010069 0.40669287 0.11519772 0.37706494 0.05884357]\n",
      "[0.07013935 0.21789677 0.40897754 0.10766121 0.41582829 0.05764417]\n",
      "[0.06800401 0.23409984 0.42994329 0.10637036 0.41563492 0.05737282]\n",
      "[0.06763827 0.23341264 0.44326798 0.1055347  0.43309007 0.0567678 ]\n",
      "[0.0674015  0.24072745 0.44986552 0.10491681 0.44417928 0.05666418]\n",
      "[0.06722643 0.24537328 0.46062096 0.10476164 0.44961212 0.05659709]\n",
      "[0.06718246 0.24763264 0.46683491 0.10465502 0.45871028 0.05654749]\n",
      "[0.06715225 0.2514869  0.47259187 0.1046004  0.46396193 0.05653503]\n",
      "[0.06713678 0.25371029 0.47808446 0.10458125 0.46883987 0.05652647]\n",
      "[0.06713135 0.25577903 0.48204204 0.10456959 0.47350315 0.05652209]\n",
      "[0.06712805 0.25775939 0.48577906 0.10456432 0.47686379 0.05652055]\n",
      "[0.06712656 0.25918672 0.48888915 0.10456208 0.48003876 0.05651961]\n",
      "[0.06712592 0.26053567 0.49145111 0.10456086 0.4826817  0.05651919]\n",
      "[0.06712558 0.26165873 0.49372062 0.10456032 0.48485902 0.05651901]\n",
      "[0.06712543 0.262584   0.49560043 0.10456007 0.48678795 0.05651891]\n",
      "[0.06712535 0.26340375 0.49720663 0.10455995 0.48838572 0.05651887]\n",
      "[0.06712532 0.26408278 0.49858244 0.10455989 0.48975096 0.05651885]\n",
      "[0.0671253  0.264663   0.49973982 0.10455986 0.49092037 0.05651884]\n",
      "[0.06712529 0.26515999 0.50073    0.10455985 0.49190414 0.05651884]\n",
      "[0.06712529 0.26557809 0.50157055 0.10455984 0.49274579 0.05651883]\n",
      "[0.06712529 0.26593579 0.50228363 0.10455984 0.49346025 0.05651883]\n",
      "[0.06712529 0.26623944 0.50289132 0.10455984 0.49406637 0.05651883]\n",
      "[0.06712529 0.26649704 0.50340702 0.10455984 0.49458291 0.05651883]\n",
      "[0.06712529 0.26671657 0.50384551 0.10455984 0.49502126 0.05651883]\n",
      "[0.06712529 0.26690287 0.5042184  0.10455984 0.49539397 0.05651883]\n",
      "[0.06712529 0.26706127 0.50453516 0.10455984 0.49571093 0.05651883]\n",
      "[0.06712529 0.26719598 0.50480451 0.10455984 0.49598017 0.05651883]\n",
      "[0.06712529 0.26731041 0.50503344 0.10455984 0.49620912 0.05651883]\n",
      "[0.06712529 0.26740771 0.50522801 0.10455984 0.49640371 0.05651883]\n",
      "[0.06712529 0.26749041 0.50539342 0.10455984 0.4965691  0.05651883]\n",
      "[0.06712529 0.2675607  0.505534   0.10455984 0.49670969 0.05651883]\n",
      "[0.06712529 0.26762045 0.5056535  0.10455984 0.49682919 0.05651883]\n",
      "[0.06712529 0.26767124 0.50575508 0.10455984 0.49693076 0.05651883]\n",
      "[0.06712529 0.26771441 0.50584141 0.10455984 0.4970171  0.05651883]\n",
      "[0.06712529 0.2677511  0.5059148  0.10455984 0.49709049 0.05651883]\n",
      "[0.06712529 0.26778229 0.50597718 0.10455984 0.49715287 0.05651883]\n",
      "[0.06712529 0.2678088  0.5060302  0.10455984 0.49720589 0.05651883]\n",
      "[0.06712529 0.26783133 0.50607527 0.10455984 0.49725096 0.05651883]\n",
      "[0.06712529 0.26785049 0.50611358 0.10455984 0.49728927 0.05651883]\n",
      "[0.06712529 0.26786677 0.50614614 0.10455984 0.49732183 0.05651883]\n",
      "[0.06712529 0.26788061 0.50617382 0.10455984 0.49734951 0.05651883]\n",
      "[0.06712529 0.26789237 0.50619735 0.10455984 0.49737303 0.05651883]\n",
      "[0.06712529 0.26790237 0.50621734 0.10455984 0.49739303 0.05651883]\n",
      "[0.06712529 0.26791087 0.50623434 0.10455984 0.49741003 0.05651883]\n",
      "[0.06712529 0.26791809 0.50624879 0.10455984 0.49742448 0.05651883]\n",
      "[0.06712529 0.26792423 0.50626107 0.10455984 0.49743676 0.05651883]\n",
      "[0.06712529 0.26792945 0.50627151 0.10455984 0.4974472  0.05651883]\n",
      "[0.06712529 0.26793389 0.50628038 0.10455984 0.49745607 0.05651883]\n",
      "[0.06712529 0.26793766 0.50628792 0.10455984 0.49746361 0.05651883]\n",
      "[0.06712529 0.26794087 0.50629433 0.10455984 0.49747002 0.05651883]\n",
      "[0.06712529 0.26794359 0.50629978 0.10455984 0.49747547 0.05651883]\n",
      "[0.06712529 0.26794591 0.50630442 0.10455984 0.4974801  0.05651883]\n",
      "[0.06712529 0.26794788 0.50630835 0.10455984 0.49748404 0.05651883]\n",
      "[0.06712529 0.26794955 0.5063117  0.10455984 0.49748739 0.05651883]\n",
      "[0.06712529 0.26795097 0.50631454 0.10455984 0.49749023 0.05651883]\n",
      "[0.06712529 0.26795218 0.50631696 0.10455984 0.49749265 0.05651883]\n",
      "[0.06712529 0.26795321 0.50631902 0.10455984 0.4974947  0.05651883]\n",
      "[0.06712529 0.26795408 0.50632076 0.10455984 0.49749645 0.05651883]\n",
      "[0.06712529 0.26795482 0.50632225 0.10455984 0.49749794 0.05651883]\n",
      "[0.06712529 0.26795545 0.50632351 0.10455984 0.4974992  0.05651883]\n",
      "[0.06712529 0.26795599 0.50632458 0.10455984 0.49750027 0.05651883]\n",
      "[0.06712529 0.26795645 0.50632549 0.10455984 0.49750118 0.05651883]\n",
      "[0.06712529 0.26795683 0.50632627 0.10455984 0.49750196 0.05651883]\n",
      "[0.06712529 0.26795716 0.50632693 0.10455984 0.49750262 0.05651883]\n",
      "[0.06712529 0.26795744 0.50632749 0.10455984 0.49750318 0.05651883]\n",
      "[0.06712529 0.26795768 0.50632796 0.10455984 0.49750365 0.05651883]\n",
      "[0.06712529 0.26795788 0.50632837 0.10455984 0.49750406 0.05651883]\n",
      "[0.06712529 0.26795806 0.50632871 0.10455984 0.4975044  0.05651883]\n",
      "[0.06712529 0.2679582  0.50632901 0.10455984 0.49750469 0.05651883]\n",
      "[0.06712529 0.26795833 0.50632925 0.10455984 0.49750494 0.05651883]\n",
      "[0.06712529 0.26795843 0.50632947 0.10455984 0.49750515 0.05651883]\n",
      "[0.06712529 0.26795852 0.50632964 0.10455984 0.49750533 0.05651883]\n",
      "[0.06712529 0.2679586  0.5063298  0.10455984 0.49750549 0.05651883]\n",
      "[0.06712529 0.26795866 0.50632993 0.10455984 0.49750562 0.05651883]\n",
      "[0.06712529 0.26795872 0.50633004 0.10455984 0.49750573 0.05651883]\n",
      "[0.06712529 0.26795876 0.50633013 0.10455984 0.49750582 0.05651883]\n",
      "[0.06712529 0.2679588  0.50633021 0.10455984 0.4975059  0.05651883]\n",
      "[0.06712529 0.26795884 0.50633028 0.10455984 0.49750597 0.05651883]\n",
      "[0.06712529 0.26795887 0.50633034 0.10455984 0.49750602 0.05651883]\n",
      "[0.06712529 0.26795889 0.50633038 0.10455984 0.49750607 0.05651883]\n",
      "[0.06712529 0.26795891 0.50633043 0.10455984 0.49750611 0.05651883]\n",
      "[0.06712529 0.26795893 0.50633046 0.10455984 0.49750615 0.05651883]\n",
      "[0.06712529 0.26795895 0.50633049 0.10455984 0.49750618 0.05651883]\n",
      "[0.06712529 0.26795896 0.50633052 0.10455984 0.49750621 0.05651883]\n",
      "[0.06712529 0.26795897 0.50633054 0.10455984 0.49750623 0.05651883]\n",
      "[0.06712529 0.26795898 0.50633056 0.10455984 0.49750625 0.05651883]\n",
      "[0.06712529 0.26795899 0.50633057 0.10455984 0.49750626 0.05651883]\n",
      "[0.06712529 0.26795899 0.50633059 0.10455984 0.49750627 0.05651883]\n",
      "[0.06712529 0.267959   0.5063306  0.10455984 0.49750629 0.05651883]\n",
      "[0.06712529 0.267959   0.50633061 0.10455984 0.4975063  0.05651883]\n",
      "[0.06712529 0.26795901 0.50633062 0.10455984 0.4975063  0.05651883]\n",
      "[0.06712529 0.26795901 0.50633062 0.10455984 0.49750631 0.05651883]\n",
      "[0.06712529 0.26795901 0.50633063 0.10455984 0.49750632 0.05651883]\n",
      "[0.06712529 0.26795902 0.50633063 0.10455984 0.49750632 0.05651883]\n",
      "[0.06712529 0.26795902 0.50633064 0.10455984 0.49750633 0.05651883]\n",
      "[0.06712529 0.26795902 0.50633064 0.10455984 0.49750633 0.05651883]\n",
      "[0.06712529 0.26795902 0.50633064 0.10455984 0.49750633 0.05651883]\n"
     ]
    }
   ],
   "source": [
    "random_work(a,w,n=4)"
   ]
  },
  {
   "cell_type": "markdown",
   "metadata": {},
   "source": [
    "# action2"
   ]
  },
  {
   "cell_type": "code",
   "execution_count": 22,
   "metadata": {},
   "outputs": [],
   "source": [
    "import jieba\n",
    "import jieba.analyse\n",
    "import jieba.posseg as pseg"
   ]
  },
  {
   "cell_type": "code",
   "execution_count": 17,
   "metadata": {},
   "outputs": [],
   "source": [
    "with open('G:/project_courseware/核心班BI/lesson10/L10/textrank/news_高考.txt',encoding ='utf-8' ) as file:\n",
    "    data = file.read()"
   ]
  },
  {
   "cell_type": "code",
   "execution_count": 18,
   "metadata": {},
   "outputs": [
    {
     "data": {
      "text/plain": [
       "'7月23日，在万般期待中，各地2020年高考录取分数线陆续公布，拿到分数后的考生们可谓有人欢喜有人愁。安徽省当天也公布了录取分数线，其中文理科一本分数线分别为541分和515分，二本分数线分别为499分和435分。那么被称为亚洲最大的“高考工厂”毛坦厂中学高考成绩怎样？图为毛坦厂中学教室午休的考生。\\n7月23日，毛坦厂中学所在的安徽六安市毛坦厂镇官方发布喜报称，根据网络查询，六安市毛坦厂中学、金安高级中学、金安中学补习班2020年高考再创佳绩，再传捷报，安徽籍考生（不含外省考生）本科达线人数10176人，其中600分以上600分以上290人，理科最高分674分，文科最高分608分。也就是在2020年高考中，高考镇有1万多人达到本科线，听起来多少有点让人吃惊，这个数字还不包括其他十几个省份在毛坦厂复读的数百名考生。图为高考镇放学盛大的场面。今年的高考很特殊，因为疫情课业停摆两个多月，随后高考推迟一个月才考试，而就在考试进行时，安徽歙县因为洪水语文和数学被延期考试，湖北黄梅的考生硬是蹚水去考场，而云南一地的考生，考试时还发生了地震。图为高考前，高考镇的卡点。毛坦厂镇因为高考而驰名，被称为“亚洲最大的高考工厂”，外媒曾称该镇是一座偏僻的单一产业城镇，出产的是应试机器，就像其他一些专门生产袜子或圣诞饰品的中国乡镇一样心无旁骛。毛坦厂镇今年参加高考的考生人数超过1.7万人，涉及全国十多个省份。图为考生在上晚自习。\\n据悉，毛坦厂镇面积只有3.5平方公里，人口不过万余人，从1999年后，毛坦厂中学借高考复读声名鹊起，每年都要吸引2万多学生和1万多陪读家长，整个小镇接近5万人。租房、生活、学习，众多学生和家长的到来，小镇的经济都围绕着“高考”在转。图为每天早晨，陪读家长在洗衣。在高考前，为了保障高考的顺利进行，高考镇实行了史上最严的“封锁”，在疫情开始之初，通往毛坦厂镇的所有道路都被切断，4月初，安徽省境内高三年级开始复课之后，因为外来复读学生较多，毛坦厂镇曾经短暂对外地家长和考生开放了几天，随之又实行严格管控，一直到7月5日考生离开高考镇时才解封。图为高考前，考生进入学校测量体温。也正是如此，今年的高考镇比往年低调了很多，连往年最热闹的送考节也没有举行，而是和其他所有普通学校一样，用几辆大巴将考生送到市区考试。图为往年的送考节。和衡水中学不一样，到高考镇来学习的都是普通考生，还有很多“落榜”生。有人说，高考镇太过严格，然而今年1万多人达本科线，意味着经过一年的努力，这一万多名考生或将改变命运，或许这就是高考镇存在的意义。'"
      ]
     },
     "execution_count": 18,
     "metadata": {},
     "output_type": "execute_result"
    }
   ],
   "source": [
    "data"
   ]
  },
  {
   "cell_type": "code",
   "execution_count": 26,
   "metadata": {
    "collapsed": true
   },
   "outputs": [
    {
     "name": "stderr",
     "output_type": "stream",
     "text": [
      "Building prefix dict from the default dictionary ...\n",
      "Loading model from cache C:\\Users\\ADMINI~1\\AppData\\Local\\Temp\\jieba.cache\n",
      "Loading model cost 0.634 seconds.\n",
      "Prefix dict has been built successfully.\n"
     ]
    },
    {
     "name": "stdout",
     "output_type": "stream",
     "text": [
      "7 月 23 日 ， 在 万般 期待 中 ， 各地 2020 年 高考 录取 分数线 陆续 公布 ， 拿到 分数 后 的 考生 们 可谓 有人 欢喜 有人 愁 。 安徽省 当天 也 公布 了 录取 分数线 ， 其中 文理科 一本 分数线 分别 为 541 分 和 515 分 ， 二本 分数线 分别 为 499 分 和 435 分 。 那么 被 称为 亚洲 最大 的 “ 高考 工厂 ” 毛坦厂 中学 高考 成绩 怎样 ？ 图为 毛坦厂 中学 教室 午休 的 考生 。 \n",
      " 7 月 23 日 ， 毛坦厂 中学 所在 的 安徽 六安市 毛坦厂 镇 官方 发布 喜报 称 ， 根据 网络 查询 ， 六安市 毛坦厂 中学 、 金安 高级中学 、 金安 中学 补习班 2020 年 高考 再创 佳绩 ， 再 传捷报 ， 安徽 籍 考生 （ 不 含 外省 考生 ） 本科 达线 人数 10176 人 ， 其中 600 分 以上 600 分 以上 290 人 ， 理科 最高分 674 分 ， 文科 最高分 608 分 。 也 就是 在 2020 年 高考 中 ， 高考 镇有 1 万多 人 达到 本科 线 ， 听 起来 多少 有点 让 人 吃惊 ， 这个 数字 还 不 包括 其他 十几个 省份 在 毛坦厂 复读 的 数百名 考生 。 图为 高考 镇 放学 盛大 的 场面 。 今年 的 高考 很 特殊 ， 因为 疫情 课业 停摆 两个 多月 ， 随后 高考 推迟 一个月 才 考试 ， 而 就 在 考试 进行 时 ， 安徽 歙县 因为 洪水 语文 和 数学 被 延期 考试 ， 湖北 黄梅 的 考生 硬是 蹚 水去 考场 ， 而 云南 一地 的 考生 ， 考试 时 还 发生 了 地震 。 图为 高考 前 ， 高考 镇 的 卡点 。 毛坦厂 镇 因为 高考 而 驰名 ， 被 称为 “ 亚洲 最大 的 高考 工厂 ” ， 外媒 曾 称 该镇 是 一座 偏僻 的 单一 产业 城镇 ， 出产 的 是 应试 机器 ， 就 像 其他 一些 专门 生产 袜子 或 圣诞 饰品 的 中国 乡镇 一样 心无旁骛 。 毛坦厂 镇 今年 参加 高考 的 考生 人数 超过 1.7 万人 ， 涉及 全国 十多个 省份 。 图为 考生 在 上 晚自习 。 \n",
      " 据悉 ， 毛坦厂 镇 面积 只有 3.5 平方公里 ， 人口 不过 万余 人 ， 从 1999 年 后 ， 毛坦厂 中学 借 高考 复读 声名鹊起 ， 每年 都 要 吸引 2 万多 学生 和 1 万多 陪读 家长 ， 整个 小镇 接近 5 万人 。 租房 、 生活 、 学习 ， 众多 学生 和 家长 的 到来 ， 小镇 的 经济 都 围绕 着 “ 高考 ” 在 转 。 图为 每天 早晨 ， 陪读 家长 在 洗衣 。 在 高考 前 ， 为了 保障 高考 的 顺利进行 ， 高考 镇 实行 了 史 上 最严 的 “ 封锁 ” ， 在 疫情 开始 之初 ， 通往 毛坦厂 镇 的 所有 道路 都 被 切断 ， 4 月初 ， 安徽省 境内 高三 年级 开始 复课 之后 ， 因为 外来 复读 学生 较 多 ， 毛坦厂 镇 曾经 短暂 对外 地 家长 和 考生 开放 了 几天 ， 随之 又 实行 严格 管控 ， 一直 到 7 月 5 日 考生 离开 高考 镇时 才 解封 。 图为 高考 前 ， 考生 进入 学校 测量体温 。 也 正是如此 ， 今年 的 高考 镇 比 往年 低调 了 很多 ， 连 往年 最 热闹 的 送 考节 也 没有 举行 ， 而是 和 其他 所有 普通 学校 一样 ， 用 几辆 大巴 将 考生 送到 市区 考试 。 图为 往年 的 送 考节 。 和 衡水 中学 不 一样 ， 到 高考 镇来 学习 的 都 是 普通 考生 ， 还有 很多 “ 落榜 ” 生 。 有人 说 ， 高考 镇太过 严格 ， 然而 今年 1 万多 人达 本科 线 ， 意味着 经过 一年 的 努力 ， 这 一万多名 考生 或 将 改变命运 ， 或许 这 就是 高考 镇 存在 的 意义 。\n"
     ]
    }
   ],
   "source": [
    "seg_list = jieba.cut(data,cut_all=False)\n",
    "print(' '.join(seg_list))"
   ]
  },
  {
   "cell_type": "code",
   "execution_count": 27,
   "metadata": {},
   "outputs": [
    {
     "name": "stdout",
     "output_type": "stream",
     "text": [
      "7, m\n",
      "月, m\n",
      "23, m\n",
      "日, m\n",
      "，, x\n",
      "在, p\n",
      "万般, a\n",
      "期待, v\n",
      "中, f\n",
      "，, x\n",
      "各地, r\n",
      "2020, m\n",
      "年, m\n",
      "高考, v\n",
      "录取, v\n",
      "分数线, n\n",
      "陆续, d\n",
      "公布, v\n",
      "，, x\n",
      "拿到, v\n",
      "分数, n\n",
      "后, f\n",
      "的, uj\n",
      "考生, v\n",
      "们, k\n",
      "可谓, v\n",
      "有人, r\n",
      "欢喜, v\n",
      "有人, r\n",
      "愁, v\n",
      "。, x\n",
      "安徽省, ns\n",
      "当天, t\n",
      "也, d\n",
      "公布, v\n",
      "了, ul\n",
      "录取, v\n",
      "分数线, n\n",
      "，, x\n",
      "其中, r\n",
      "文理科, n\n",
      "一本, m\n",
      "分数线, n\n",
      "分别, d\n",
      "为, p\n",
      "541, m\n",
      "分, q\n",
      "和, c\n",
      "515, m\n",
      "分, v\n",
      "，, x\n",
      "二本, ns\n",
      "分数线, n\n",
      "分别, d\n",
      "为, p\n",
      "499, m\n",
      "分, q\n",
      "和, c\n",
      "435, m\n",
      "分, v\n",
      "。, x\n",
      "那么, r\n",
      "被, p\n",
      "称为, v\n",
      "亚洲, ns\n",
      "最大, a\n",
      "的, uj\n",
      "“, x\n",
      "高考, v\n",
      "工厂, n\n",
      "”, x\n",
      "毛, nr\n",
      "坦厂, n\n",
      "中学, n\n",
      "高考, v\n",
      "成绩, n\n",
      "怎样, r\n",
      "？, x\n",
      "图, n\n",
      "为, p\n",
      "毛, nr\n",
      "坦厂, n\n",
      "中学, n\n",
      "教室, n\n",
      "午休, ns\n",
      "的, uj\n",
      "考生, v\n",
      "。, x\n",
      "\n",
      ", x\n",
      "7, m\n",
      "月, m\n",
      "23, m\n",
      "日, m\n",
      "，, x\n",
      "毛, nr\n",
      "坦厂, n\n",
      "中学, n\n",
      "所在, b\n",
      "的, uj\n",
      "安徽, ns\n",
      "六安市, ns\n",
      "毛坦, nr\n",
      "厂镇, n\n",
      "官方, n\n",
      "发布, v\n",
      "喜报, v\n",
      "称, v\n",
      "，, x\n",
      "根据, p\n",
      "网络, n\n",
      "查询, v\n",
      "，, x\n",
      "六安市, ns\n",
      "毛, nr\n",
      "坦厂, n\n",
      "中学, n\n",
      "、, x\n",
      "金安, nz\n",
      "高级中学, nt\n",
      "、, x\n",
      "金安, nz\n",
      "中学, n\n",
      "补习班, n\n",
      "2020, m\n",
      "年, m\n",
      "高考, v\n",
      "再创, v\n",
      "佳绩, n\n",
      "，, x\n",
      "再, d\n",
      "传捷报, n\n",
      "，, x\n",
      "安徽, ns\n",
      "籍, ng\n",
      "考生, v\n",
      "（, x\n",
      "不, d\n",
      "含, v\n",
      "外省, n\n",
      "考生, v\n",
      "）, x\n",
      "本科, r\n",
      "达, v\n",
      "线, n\n",
      "人数, n\n",
      "10176, m\n",
      "人, n\n",
      "，, x\n",
      "其中, r\n",
      "600, m\n",
      "分, v\n",
      "以上, f\n",
      "600, m\n",
      "分, v\n",
      "以上, f\n",
      "290, m\n",
      "人, n\n",
      "，, x\n",
      "理科, n\n",
      "最高分, l\n",
      "674, m\n",
      "分, v\n",
      "，, x\n",
      "文科, nz\n",
      "最高分, l\n",
      "608, m\n",
      "分, v\n",
      "。, x\n",
      "也, d\n",
      "就是, d\n",
      "在, p\n",
      "2020, m\n",
      "年, m\n",
      "高考, v\n",
      "中, f\n",
      "，, x\n",
      "高考, v\n",
      "镇有, v\n",
      "1, m\n",
      "万多, m\n",
      "人, n\n",
      "达到, v\n",
      "本科, r\n",
      "线, n\n",
      "，, x\n",
      "听, v\n",
      "起来, v\n",
      "多少, m\n",
      "有点, n\n",
      "让, v\n",
      "人, n\n",
      "吃惊, a\n",
      "，, x\n",
      "这个, r\n",
      "数字, n\n",
      "还, d\n",
      "不, d\n",
      "包括, v\n",
      "其他, r\n",
      "十几个, m\n",
      "省份, n\n",
      "在, p\n",
      "毛, nr\n",
      "坦厂, n\n",
      "复读, v\n",
      "的, uj\n",
      "数百名, m\n",
      "考生, v\n",
      "。, x\n",
      "图, n\n",
      "为, p\n",
      "高考, v\n",
      "镇, n\n",
      "放学, n\n",
      "盛大, b\n",
      "的, uj\n",
      "场面, n\n",
      "。, x\n",
      "今年, t\n",
      "的, uj\n",
      "高考, v\n",
      "很, zg\n",
      "特殊, a\n",
      "，, x\n",
      "因为, c\n",
      "疫情, n\n",
      "课业, n\n",
      "停摆, v\n",
      "两个, m\n",
      "多月, m\n",
      "，, x\n",
      "随后, d\n",
      "高考, v\n",
      "推迟, v\n",
      "一个月, m\n",
      "才, d\n",
      "考试, vn\n",
      "，, x\n",
      "而, c\n",
      "就, d\n",
      "在, p\n",
      "考试, vn\n",
      "进行, v\n",
      "时, n\n",
      "，, x\n",
      "安徽, ns\n",
      "歙县, ns\n",
      "因为, c\n",
      "洪水, nr\n",
      "语文, n\n",
      "和, c\n",
      "数学, n\n",
      "被, p\n",
      "延期, v\n",
      "考试, vn\n",
      "，, x\n",
      "湖北, ns\n",
      "黄梅, nr\n",
      "的, uj\n",
      "考生, v\n",
      "硬是, d\n",
      "蹚, yg\n",
      "水, n\n",
      "去, v\n",
      "考场, n\n",
      "，, x\n",
      "而, c\n",
      "云南, ns\n",
      "一地, s\n",
      "的, uj\n",
      "考生, v\n",
      "，, x\n",
      "考试, vn\n",
      "时, ng\n",
      "还, d\n",
      "发生, v\n",
      "了, ul\n",
      "地震, n\n",
      "。, x\n",
      "图, n\n",
      "为, p\n",
      "高考, v\n",
      "前, f\n",
      "，, x\n",
      "高考, v\n",
      "镇, n\n",
      "的, uj\n",
      "卡点, n\n",
      "。, x\n",
      "毛坦, nr\n",
      "厂镇, n\n",
      "因为, c\n",
      "高考, v\n",
      "而, c\n",
      "驰名, v\n",
      "，, x\n",
      "被, p\n",
      "称为, v\n",
      "“, x\n",
      "亚洲, ns\n",
      "最大, a\n",
      "的, uj\n",
      "高考, v\n",
      "工厂, n\n",
      "”, x\n",
      "，, x\n",
      "外媒, n\n",
      "曾, d\n",
      "称, v\n",
      "该镇, r\n",
      "是, v\n",
      "一座, m\n",
      "偏僻, a\n",
      "的, uj\n",
      "单一, b\n",
      "产业, n\n",
      "城镇, ns\n",
      "，, x\n",
      "出产, vn\n",
      "的, uj\n",
      "是, v\n",
      "应试, vn\n",
      "机器, n\n",
      "，, x\n",
      "就, d\n",
      "像, v\n",
      "其他, r\n",
      "一些, m\n",
      "专门, n\n",
      "生产, vn\n",
      "袜子, n\n",
      "或, c\n",
      "圣诞, t\n",
      "饰品, n\n",
      "的, uj\n",
      "中国, ns\n",
      "乡镇, n\n",
      "一样, r\n",
      "心无旁骛, i\n",
      "。, x\n",
      "毛坦, nr\n",
      "厂镇, n\n",
      "今年, t\n",
      "参加, v\n",
      "高考, v\n",
      "的, uj\n",
      "考生, v\n",
      "人数, n\n",
      "超过, v\n",
      "1.7, m\n",
      "万, m\n",
      "人, n\n",
      "，, x\n",
      "涉及, v\n",
      "全国, n\n",
      "十多个, m\n",
      "省份, n\n",
      "。, x\n",
      "图, n\n",
      "为, p\n",
      "考生, v\n",
      "在, p\n",
      "上, f\n",
      "晚自习, n\n",
      "。, x\n",
      "\n",
      ", x\n",
      "据悉, v\n",
      "，, x\n",
      "毛坦, nr\n",
      "厂镇, n\n",
      "面积, n\n",
      "只有, c\n",
      "3.5, m\n",
      "平方公里, q\n",
      "，, x\n",
      "人口, n\n",
      "不过, c\n",
      "万余, m\n",
      "人, n\n",
      "，, x\n",
      "从, p\n",
      "1999, m\n",
      "年后, t\n",
      "，, x\n",
      "毛, nr\n",
      "坦厂, n\n",
      "中学, n\n",
      "借, v\n",
      "高考, v\n",
      "复读, v\n",
      "声名鹊起, i\n",
      "，, x\n",
      "每年, r\n",
      "都, d\n",
      "要, v\n",
      "吸引, v\n",
      "2, x\n",
      "万多, m\n",
      "学生, n\n",
      "和, c\n",
      "1, m\n",
      "万多, m\n",
      "陪读, v\n",
      "家长, n\n",
      "，, x\n",
      "整个, b\n",
      "小镇, nr\n",
      "接近, v\n",
      "5, m\n",
      "万, m\n",
      "人, n\n",
      "。, x\n",
      "租房, n\n",
      "、, x\n",
      "生活, vn\n",
      "、, x\n",
      "学习, v\n",
      "，, x\n",
      "众多, m\n",
      "学生, n\n",
      "和, c\n",
      "家长, n\n",
      "的, uj\n",
      "到来, d\n",
      "，, x\n",
      "小镇, nr\n",
      "的, uj\n",
      "经济, n\n",
      "都, d\n",
      "围绕, v\n",
      "着, uz\n",
      "“, x\n",
      "高考, v\n",
      "”, x\n",
      "在, p\n",
      "转, v\n",
      "。, x\n",
      "图, n\n",
      "为, p\n",
      "每天, r\n",
      "早晨, t\n",
      "，, x\n",
      "陪读, v\n",
      "家长, n\n",
      "在, p\n",
      "洗衣, n\n",
      "。, x\n",
      "在, p\n",
      "高考, v\n",
      "前, f\n",
      "，, x\n",
      "为了, p\n",
      "保障, v\n",
      "高考, v\n",
      "的, uj\n",
      "顺利进行, n\n",
      "，, x\n",
      "高考, v\n",
      "镇, n\n",
      "实行, v\n",
      "了, ul\n",
      "史, ng\n",
      "上, f\n",
      "最严, a\n",
      "的, uj\n",
      "“, x\n",
      "封锁, nr\n",
      "”, x\n",
      "，, x\n",
      "在, p\n",
      "疫情, n\n",
      "开始, v\n",
      "之, u\n",
      "初, f\n",
      "，, x\n",
      "通往, d\n",
      "毛坦, nr\n",
      "厂镇, n\n",
      "的, uj\n",
      "所有, b\n",
      "道路, n\n",
      "都, d\n",
      "被, p\n",
      "切断, v\n",
      "，, x\n",
      "4, x\n",
      "月初, t\n",
      "，, x\n",
      "安徽省, ns\n",
      "境内, s\n",
      "高三, nr\n",
      "年级, b\n",
      "开始, v\n",
      "复课, v\n",
      "之后, f\n",
      "，, x\n",
      "因为, c\n",
      "外来, f\n",
      "复读, v\n",
      "学生, n\n",
      "较, d\n",
      "多, m\n",
      "，, x\n",
      "毛坦, nr\n",
      "厂镇, n\n",
      "曾经, d\n",
      "短暂, a\n",
      "对外, s\n",
      "地, uv\n",
      "家长, n\n",
      "和, c\n",
      "考生, v\n",
      "开放, v\n",
      "了, ul\n",
      "几天, m\n",
      "，, x\n",
      "随之, p\n",
      "又, d\n",
      "实行, v\n",
      "严格, ad\n",
      "管控, vn\n",
      "，, x\n",
      "一直, d\n",
      "到, v\n",
      "7, m\n",
      "月, m\n",
      "5, m\n",
      "日, m\n",
      "考生, v\n",
      "离开, v\n",
      "高考, v\n",
      "镇, n\n",
      "时, ng\n",
      "才, d\n",
      "解封, v\n",
      "。, x\n",
      "图, n\n",
      "为, p\n",
      "高考, v\n",
      "前, f\n",
      "，, x\n",
      "考生, v\n",
      "进入, v\n",
      "学校, n\n",
      "测量体温, nz\n",
      "。, x\n",
      "也, d\n",
      "正是如此, l\n",
      "，, x\n",
      "今年, t\n",
      "的, uj\n",
      "高考, v\n",
      "镇比, ns\n",
      "往年, t\n",
      "低调, v\n",
      "了, ul\n",
      "很多, m\n",
      "，, x\n",
      "连, nr\n",
      "往年, t\n",
      "最, d\n",
      "热闹, a\n",
      "的, uj\n",
      "送, v\n",
      "考节, vn\n",
      "也, d\n",
      "没有, v\n",
      "举行, v\n",
      "，, x\n",
      "而是, c\n",
      "和, c\n",
      "其他, r\n",
      "所有, b\n",
      "普通, nz\n",
      "学校, n\n",
      "一样, r\n",
      "，, x\n",
      "用, p\n",
      "几辆, m\n",
      "大巴, n\n",
      "将, d\n",
      "考生, v\n",
      "送到, v\n",
      "市区, n\n",
      "考试, vn\n",
      "。, x\n",
      "图, n\n",
      "为, p\n",
      "往年, t\n",
      "的, uj\n",
      "送考, v\n",
      "节, n\n",
      "。, x\n",
      "和, c\n",
      "衡水, ns\n",
      "中学, n\n",
      "不, d\n",
      "一样, r\n",
      "，, x\n",
      "到, v\n",
      "高考, v\n",
      "镇来, v\n",
      "学习, v\n",
      "的, uj\n",
      "都, d\n",
      "是, v\n",
      "普通, nz\n",
      "考生, v\n",
      "，, x\n",
      "还有, v\n",
      "很多, m\n",
      "“, x\n",
      "落榜, v\n",
      "”, x\n",
      "生, vn\n",
      "。, x\n",
      "有人, r\n",
      "说, v\n",
      "，, x\n",
      "高考, v\n",
      "镇, n\n",
      "太, d\n",
      "过, ug\n",
      "严格, ad\n",
      "，, x\n",
      "然而, c\n",
      "今年, t\n",
      "1, x\n",
      "万多, m\n",
      "人, n\n",
      "达, v\n",
      "本科, r\n",
      "线, n\n",
      "，, x\n",
      "意味着, v\n",
      "经过, p\n",
      "一年, m\n",
      "的, uj\n",
      "努力, ad\n",
      "，, x\n",
      "这, r\n",
      "一万多名, m\n",
      "考生, v\n",
      "或, c\n",
      "将, d\n",
      "改变命运, nz\n",
      "，, x\n",
      "或许, d\n",
      "这, r\n",
      "就是, d\n",
      "高考, v\n",
      "镇, n\n",
      "存在, v\n",
      "的, uj\n",
      "意义, n\n",
      "。, x\n"
     ]
    }
   ],
   "source": [
    "words = pseg.cut(data)\n",
    "for word,flag in words:\n",
    "    print('%s, %s' %(word ,flag))"
   ]
  },
  {
   "cell_type": "code",
   "execution_count": 28,
   "metadata": {},
   "outputs": [
    {
     "name": "stdout",
     "output_type": "stream",
     "text": [
      "坦厂 0.652078227430909\n",
      "毛坦 0.652078227430909\n",
      "厂镇 0.652078227430909\n",
      "中学 0.45686148780300007\n",
      "分数线 0.3884291573490909\n",
      "家长 0.2753075180527273\n",
      "六安市 0.20122662378\n",
      "安徽 0.18529285947954544\n",
      "小镇 0.15733915599672726\n",
      "学生 0.15718041332509092\n",
      "安徽省 0.1474120735198182\n",
      "疫情 0.14702812945727273\n",
      "省份 0.1463882340369091\n",
      "人数 0.11638644293418182\n",
      "工厂 0.114623369962\n",
      "二本 0.11376712082636363\n",
      "传捷报 0.11376712082636363\n",
      "课业 0.11008107438818182\n",
      "卡点 0.10867970457181818\n",
      "外媒 0.10867970457181818\n",
      "----------------------------------------------------------------------------------------------------\n"
     ]
    }
   ],
   "source": [
    "# 通过TF-IDF获取关键词\n",
    "keywords = jieba.analyse.extract_tags(data, topK=20, withWeight=True, allowPOS=('n','nr','ns'))\n",
    "for item in keywords:\n",
    "    print(item[0],item[1])\n",
    "print('-'*100)"
   ]
  },
  {
   "cell_type": "code",
   "execution_count": 29,
   "metadata": {},
   "outputs": [],
   "source": [
    "keywords = jieba.analyse.textrank(data, topK=20, withWeight=True, allowPOS=('n', 'ns')) "
   ]
  },
  {
   "cell_type": "code",
   "execution_count": null,
   "metadata": {},
   "outputs": [],
   "source": []
  }
 ],
 "metadata": {
  "kernelspec": {
   "display_name": "Python 3",
   "language": "python",
   "name": "python3"
  },
  "language_info": {
   "codemirror_mode": {
    "name": "ipython",
    "version": 3
   },
   "file_extension": ".py",
   "mimetype": "text/x-python",
   "name": "python",
   "nbconvert_exporter": "python",
   "pygments_lexer": "ipython3",
   "version": "3.7.4"
  }
 },
 "nbformat": 4,
 "nbformat_minor": 2
}
